Empirical Timing Data 1 for End-to-Beginning
Taken 3/21/2020 @ 3:14 pm
-------------------------------------------------------------------------------
n = 500
[549, 593, 715, 845, 603, 858, 545, 848, 424, 624, 646, 384, 438, 297, 892, 56, 964, 272, 383, 478, 792, 812, 529, 480, 568, 393, 926, 836, 71, 337, 87, 648, 20, 368, 833, 958, 778, 140, 870, 870, 979, 474, 799, 801, 461, 520, 781, 679, 118, 721, 640, 582, 143, 537, 945, 759, 522, 106, 415, 474, 264, 186, 775, 737, 456, 216, 569, 135, 18, 324, 618, 149, 612, 222, 617, 386, 944, 903, 682, 450, 359, 613, 437, 903, 698, 99, 60, 970, 667, 653, 671, 171, 210, 358, 129, 751, 315, 608, 364, 325, 570, 38, 439, 634, 989, 959, 102, 653, 209, 635, 161, 996, 653, 582, 253, 414, 466, 475, 244, 624, 159, 338, 110, 675, 656, 317, 138, 779, 196, 950, 369, 663, 821, 13, 97, 623, 838, 674, 96, 972, 977, 879, 469, 510, 977, 55, 605, 451, 740, 20, 39, 442, 283, 980, 120, 359, 296, 481, 118, 689, 318, 881, 414, 919, 64, 217, 693, 565, 567, 865, 265, 509, 523, 917, 94, 922, 576, 83, 930, 277, 318, 9, 668, 843, 131, 647, 717, 842, 289, 264, 183, 398, 587, 553, 20, 165, 829, 370, 4, 146, 678, 570, 270, 704, 735, 288, 963, 433, 249, 756, 576, 396, 592, 896, 572, 639, 223, 892, 953, 680, 447, 449, 847, 979, 700, 116, 297, 767, 814, 412, 396, 676, 881, 250, 581, 313, 882, 966, 693, 589, 725, 660, 501, 533, 957, 230, 644, 395, 424, 619, 606, 475, 19, 470, 301, 716, 660, 288, 290, 383, 618, 749, 429, 879, 135, 102, 298, 92, 570, 354, 591, 552, 574, 33, 653, 969, 652, 321, 431, 221, 897, 141, 367, 97, 436, 985, 892, 260, 807, 537, 704, 448, 100, 99, 920, 352, 714, 469, 999, 841, 149, 905, 868, 37, 162, 508, 616, 167, 123, 779, 848, 865, 808, 411, 569, 140, 407, 33, 69, 983, 698, 373, 453, 420, 722, 50, 867, 365, 976, 16, 856, 230, 11, 765, 360, 945, 730, 750, 171, 339, 521, 490, 54, 339, 200, 179, 18, 171, 794, 463, 224, 875, 345, 945, 929, 608, 705, 597, 31, 784, 164, 500, 622, 50, 577, 699, 238, 993, 935, 267, 614, 679, 536, 865, 590, 751, 730, 965, 312, 554, 398, 212, 210, 222, 186, 218, 945, 570, 740, 452, 490, 971, 227, 681, 254, 85, 58, 56, 434, 488, 312, 881, 697, 977, 378, 618, 179, 543, 24, 855, 67, 744, 680, 479, 454, 677, 537, 607, 897, 715, 991, 469, 217, 456, 663, 907, 263, 137, 20, 229, 759, 882, 320, 905, 383, 646, 588, 325, 831, 520, 629, 0, 873, 312, 273, 425, 798, 886, 185, 680, 953, 456, 688, 483, 215, 789, 948, 229, 731, 881, 254, 314, 213, 958, 518, 472, 25, 712, 207, 153, 425, 731, 374, 646, 464, 215, 277, 186, 587, 808, 864, 747, 117, 675, 517, 277, 132, 175, 717, 705, 396, 463, 565, 841, 183, 205, 144, 165, 488, 124]
-------------------------------------------------------------------------------
end to beginning
output = [858, 848, 836, 833, 799, 781, 759, 737, 682, 667, 653, 653, 635, 624, 623, 605, 576, 576, 572, 501, 475, 470, 429, 411, 407, 373, 365, 360, 339, 339, 224, 222, 218, 217, 215, 213, 207, 186, 175, 144, 124]
of length = 41
elapsed time=0.00189503 seconds
-------------------------------------------------------------------------------
n = 1000
[549, 593, 715, 845, 603, 858, 545, 848, 424, 624, 646, 384, 438, 297, 892, 56, 964, 272, 383, 478, 792, 812, 529, 480, 568, 393, 926, 836, 71, 337, 87, 648, 20, 368, 833, 958, 778, 140, 870, 870, 979, 474, 799, 801, 461, 520, 781, 679, 118, 721, 640, 582, 143, 537, 945, 759, 522, 106, 415, 474, 264, 186, 775, 737, 456, 216, 569, 135, 18, 324, 618, 149, 612, 222, 617, 386, 944, 903, 682, 450, 359, 613, 437, 903, 698, 99, 60, 970, 667, 653, 671, 171, 210, 358, 129, 751, 315, 608, 364, 325, 570, 38, 439, 634, 989, 959, 102, 653, 209, 635, 161, 996, 653, 582, 253, 414, 466, 475, 244, 624, 159, 338, 110, 675, 656, 317, 138, 779, 196, 950, 369, 663, 821, 13, 97, 623, 838, 674, 96, 972, 977, 879, 469, 510, 977, 55, 605, 451, 740, 20, 39, 442, 283, 980, 120, 359, 296, 481, 118, 689, 318, 881, 414, 919, 64, 217, 693, 565, 567, 865, 265, 509, 523, 917, 94, 922, 576, 83, 930, 277, 318, 9, 668, 843, 131, 647, 717, 842, 289, 264, 183, 398, 587, 553, 20, 165, 829, 370, 4, 146, 678, 570, 270, 704, 735, 288, 963, 433, 249, 756, 576, 396, 592, 896, 572, 639, 223, 892, 953, 680, 447, 449, 847, 979, 700, 116, 297, 767, 814, 412, 396, 676, 881, 250, 581, 313, 882, 966, 693, 589, 725, 660, 501, 533, 957, 230, 644, 395, 424, 619, 606, 475, 19, 470, 301, 716, 660, 288, 290, 383, 618, 749, 429, 879, 135, 102, 298, 92, 570, 354, 591, 552, 574, 33, 653, 969, 652, 321, 431, 221, 897, 141, 367, 97, 436, 985, 892, 260, 807, 537, 704, 448, 100, 99, 920, 352, 714, 469, 999, 841, 149, 905, 868, 37, 162, 508, 616, 167, 123, 779, 848, 865, 808, 411, 569, 140, 407, 33, 69, 983, 698, 373, 453, 420, 722, 50, 867, 365, 976, 16, 856, 230, 11, 765, 360, 945, 730, 750, 171, 339, 521, 490, 54, 339, 200, 179, 18, 171, 794, 463, 224, 875, 345, 945, 929, 608, 705, 597, 31, 784, 164, 500, 622, 50, 577, 699, 238, 993, 935, 267, 614, 679, 536, 865, 590, 751, 730, 965, 312, 554, 398, 212, 210, 222, 186, 218, 945, 570, 740, 452, 490, 971, 227, 681, 254, 85, 58, 56, 434, 488, 312, 881, 697, 977, 378, 618, 179, 543, 24, 855, 67, 744, 680, 479, 454, 677, 537, 607, 897, 715, 991, 469, 217, 456, 663, 907, 263, 137, 20, 229, 759, 882, 320, 905, 383, 646, 588, 325, 831, 520, 629, 0, 873, 312, 273, 425, 798, 886, 185, 680, 953, 456, 688, 483, 215, 789, 948, 229, 731, 881, 254, 314, 213, 958, 518, 472, 25, 712, 207, 153, 425, 731, 374, 646, 464, 215, 277, 186, 587, 808, 864, 747, 117, 675, 517, 277, 132, 175, 717, 705, 396, 463, 565, 841, 183, 205, 144, 165, 488, 124, 355, 722, 941, 30, 766, 747, 749, 92, 904, 217, 83, 750, 552, 732, 585, 45, 962, 209, 292, 287, 241, 677, 100, 63, 16, 556, 930, 9, 670, 833, 785, 985, 282, 704, 586, 181, 64, 512, 486, 581, 978, 788, 877, 607, 338, 218, 962, 455, 231, 879, 950, 492, 942, 716, 800, 486, 631, 709, 875, 498, 293, 845, 849, 194, 618, 774, 13, 975, 347, 863, 148, 781, 982, 986, 478, 754, 497, 4, 640, 269, 368, 410, 137, 428, 822, 298, 190, 401, 511, 120, 224, 981, 97, 406, 863, 569, 973, 343, 961, 789, 907, 411, 774, 359, 333, 399, 81, 302, 407, 775, 232, 927, 132, 325, 53, 953, 726, 13, 11, 533, 771, 304, 147, 883, 79, 250, 89, 678, 672, 811, 245, 432, 420, 752, 557, 830, 861, 379, 727, 96, 270, 256, 131, 592, 55, 476, 301, 488, 262, 458, 456, 525, 683, 442, 696, 853, 283, 433, 380, 827, 181, 509, 789, 86, 56, 660, 697, 206, 779, 848, 778, 682, 259, 178, 374, 69, 588, 9, 273, 892, 371, 133, 197, 779, 460, 926, 44, 715, 800, 491, 77, 469, 519, 883, 307, 488, 578, 414, 960, 174, 646, 475, 35, 784, 430, 556, 510, 160, 536, 143, 682, 650, 277, 539, 128, 326, 393, 147, 957, 160, 187, 129, 904, 579, 544, 92, 457, 911, 882, 83, 459, 801, 724, 878, 399, 93, 904, 426, 690, 473, 700, 580, 328, 716, 757, 27, 636, 732, 240, 767, 160, 9, 797, 308, 960, 233, 458, 503, 591, 954, 858, 558, 457, 97, 952, 622, 576, 863, 821, 157, 909, 993, 816, 85, 159, 94, 629, 634, 398, 950, 62, 937, 424, 447, 258, 728, 849, 742, 33, 307, 959, 119, 355, 444, 357, 392, 16, 532, 185, 846, 401, 536, 930, 680, 99, 609, 946, 98, 870, 92, 454, 56, 327, 86, 232, 237, 615, 840, 33, 522, 15, 513, 429, 650, 68, 545, 252, 32, 221, 580, 253, 771, 131, 376, 12, 491, 115, 982, 619, 244, 975, 374, 991, 45, 409, 310, 163, 832, 639, 807, 490, 640, 990, 368, 65, 313, 784, 802, 288, 70, 241, 684, 663, 381, 246, 634, 666, 927, 517, 854, 424, 498, 555, 428, 287, 823, 707, 738, 415, 447, 360, 969, 829, 363, 925, 397, 46, 739, 232, 449, 348, 938, 815, 257, 986, 382, 969, 697, 905, 897, 296, 121, 993, 241, 249, 228, 106, 489, 951, 892, 233, 358, 690, 385, 58, 917, 731, 113, 882, 631, 272, 132, 379, 374, 374, 324, 749, 680, 238, 796, 172, 504, 449, 296, 304, 886, 840, 352, 237, 739, 502, 555, 943, 201, 634, 549, 868, 520, 941, 349, 751, 24, 700, 148, 968, 131, 995, 708, 452, 709, 70, 612, 293, 672, 152, 447, 417, 696, 131, 378, 604, 100, 383, 961, 896, 72, 968, 19, 547, 980, 275, 148, 592, 258, 897, 215, 407, 580, 552, 976, 271, 273, 455, 971, 402, 25, 248, 888, 506, 709]
-------------------------------------------------------------------------------
end to beginning
output = [964, 958, 945, 944, 903, 903, 879, 865, 843, 842, 829, 704, 680, 676, 660, 644, 619, 618, 616, 608, 597, 577, 554, 543, 537, 520, 518, 517, 488, 486, 486, 478, 476, 458, 456, 442, 433, 414, 399, 398, 392, 376, 374, 368, 313, 288, 287, 257, 241, 238, 237, 201, 148, 131, 131, 100, 72, 19]
of length = 58
elapsed time=0.014437 seconds
-------------------------------------------------------------------------------
n = 1500
[549, 593, 715, 845, 603, 858, 545, 848, 424, 624, 646, 384, 438, 297, 892, 56, 964, 272, 383, 478, 792, 812, 529, 480, 568, 393, 926, 836, 71, 337, 87, 648, 20, 368, 833, 958, 778, 140, 870, 870, 979, 474, 799, 801, 461, 520, 781, 679, 118, 721, 640, 582, 143, 537, 945, 759, 522, 106, 415, 474, 264, 186, 775, 737, 456, 216, 569, 135, 18, 324, 618, 149, 612, 222, 617, 386, 944, 903, 682, 450, 359, 613, 437, 903, 698, 99, 60, 970, 667, 653, 671, 171, 210, 358, 129, 751, 315, 608, 364, 325, 570, 38, 439, 634, 989, 959, 102, 653, 209, 635, 161, 996, 653, 582, 253, 414, 466, 475, 244, 624, 159, 338, 110, 675, 656, 317, 138, 779, 196, 950, 369, 663, 821, 13, 97, 623, 838, 674, 96, 972, 977, 879, 469, 510, 977, 55, 605, 451, 740, 20, 39, 442, 283, 980, 120, 359, 296, 481, 118, 689, 318, 881, 414, 919, 64, 217, 693, 565, 567, 865, 265, 509, 523, 917, 94, 922, 576, 83, 930, 277, 318, 9, 668, 843, 131, 647, 717, 842, 289, 264, 183, 398, 587, 553, 20, 165, 829, 370, 4, 146, 678, 570, 270, 704, 735, 288, 963, 433, 249, 756, 576, 396, 592, 896, 572, 639, 223, 892, 953, 680, 447, 449, 847, 979, 700, 116, 297, 767, 814, 412, 396, 676, 881, 250, 581, 313, 882, 966, 693, 589, 725, 660, 501, 533, 957, 230, 644, 395, 424, 619, 606, 475, 19, 470, 301, 716, 660, 288, 290, 383, 618, 749, 429, 879, 135, 102, 298, 92, 570, 354, 591, 552, 574, 33, 653, 969, 652, 321, 431, 221, 897, 141, 367, 97, 436, 985, 892, 260, 807, 537, 704, 448, 100, 99, 920, 352, 714, 469, 999, 841, 149, 905, 868, 37, 162, 508, 616, 167, 123, 779, 848, 865, 808, 411, 569, 140, 407, 33, 69, 983, 698, 373, 453, 420, 722, 50, 867, 365, 976, 16, 856, 230, 11, 765, 360, 945, 730, 750, 171, 339, 521, 490, 54, 339, 200, 179, 18, 171, 794, 463, 224, 875, 345, 945, 929, 608, 705, 597, 31, 784, 164, 500, 622, 50, 577, 699, 238, 993, 935, 267, 614, 679, 536, 865, 590, 751, 730, 965, 312, 554, 398, 212, 210, 222, 186, 218, 945, 570, 740, 452, 490, 971, 227, 681, 254, 85, 58, 56, 434, 488, 312, 881, 697, 977, 378, 618, 179, 543, 24, 855, 67, 744, 680, 479, 454, 677, 537, 607, 897, 715, 991, 469, 217, 456, 663, 907, 263, 137, 20, 229, 759, 882, 320, 905, 383, 646, 588, 325, 831, 520, 629, 0, 873, 312, 273, 425, 798, 886, 185, 680, 953, 456, 688, 483, 215, 789, 948, 229, 731, 881, 254, 314, 213, 958, 518, 472, 25, 712, 207, 153, 425, 731, 374, 646, 464, 215, 277, 186, 587, 808, 864, 747, 117, 675, 517, 277, 132, 175, 717, 705, 396, 463, 565, 841, 183, 205, 144, 165, 488, 124, 355, 722, 941, 30, 766, 747, 749, 92, 904, 217, 83, 750, 552, 732, 585, 45, 962, 209, 292, 287, 241, 677, 100, 63, 16, 556, 930, 9, 670, 833, 785, 985, 282, 704, 586, 181, 64, 512, 486, 581, 978, 788, 877, 607, 338, 218, 962, 455, 231, 879, 950, 492, 942, 716, 800, 486, 631, 709, 875, 498, 293, 845, 849, 194, 618, 774, 13, 975, 347, 863, 148, 781, 982, 986, 478, 754, 497, 4, 640, 269, 368, 410, 137, 428, 822, 298, 190, 401, 511, 120, 224, 981, 97, 406, 863, 569, 973, 343, 961, 789, 907, 411, 774, 359, 333, 399, 81, 302, 407, 775, 232, 927, 132, 325, 53, 953, 726, 13, 11, 533, 771, 304, 147, 883, 79, 250, 89, 678, 672, 811, 245, 432, 420, 752, 557, 830, 861, 379, 727, 96, 270, 256, 131, 592, 55, 476, 301, 488, 262, 458, 456, 525, 683, 442, 696, 853, 283, 433, 380, 827, 181, 509, 789, 86, 56, 660, 697, 206, 779, 848, 778, 682, 259, 178, 374, 69, 588, 9, 273, 892, 371, 133, 197, 779, 460, 926, 44, 715, 800, 491, 77, 469, 519, 883, 307, 488, 578, 414, 960, 174, 646, 475, 35, 784, 430, 556, 510, 160, 536, 143, 682, 650, 277, 539, 128, 326, 393, 147, 957, 160, 187, 129, 904, 579, 544, 92, 457, 911, 882, 83, 459, 801, 724, 878, 399, 93, 904, 426, 690, 473, 700, 580, 328, 716, 757, 27, 636, 732, 240, 767, 160, 9, 797, 308, 960, 233, 458, 503, 591, 954, 858, 558, 457, 97, 952, 622, 576, 863, 821, 157, 909, 993, 816, 85, 159, 94, 629, 634, 398, 950, 62, 937, 424, 447, 258, 728, 849, 742, 33, 307, 959, 119, 355, 444, 357, 392, 16, 532, 185, 846, 401, 536, 930, 680, 99, 609, 946, 98, 870, 92, 454, 56, 327, 86, 232, 237, 615, 840, 33, 522, 15, 513, 429, 650, 68, 545, 252, 32, 221, 580, 253, 771, 131, 376, 12, 491, 115, 982, 619, 244, 975, 374, 991, 45, 409, 310, 163, 832, 639, 807, 490, 640, 990, 368, 65, 313, 784, 802, 288, 70, 241, 684, 663, 381, 246, 634, 666, 927, 517, 854, 424, 498, 555, 428, 287, 823, 707, 738, 415, 447, 360, 969, 829, 363, 925, 397, 46, 739, 232, 449, 348, 938, 815, 257, 986, 382, 969, 697, 905, 897, 296, 121, 993, 241, 249, 228, 106, 489, 951, 892, 233, 358, 690, 385, 58, 917, 731, 113, 882, 631, 272, 132, 379, 374, 374, 324, 749, 680, 238, 796, 172, 504, 449, 296, 304, 886, 840, 352, 237, 739, 502, 555, 943, 201, 634, 549, 868, 520, 941, 349, 751, 24, 700, 148, 968, 131, 995, 708, 452, 709, 70, 612, 293, 672, 152, 447, 417, 696, 131, 378, 604, 100, 383, 961, 896, 72, 968, 19, 547, 980, 275, 148, 592, 258, 897, 215, 407, 580, 552, 976, 271, 273, 455, 971, 402, 25, 248, 888, 506, 709, 310, 278, 373, 895, 525, 26, 751, 626, 333, 329, 925, 968, 863, 168, 48, 902, 253, 330, 446, 890, 104, 512, 348, 511, 740, 387, 681, 530, 623, 945, 711, 893, 205, 677, 342, 639, 676, 548, 880, 272, 544, 148, 282, 857, 30, 635, 711, 299, 7, 460, 373, 24, 531, 558, 923, 361, 89, 503, 406, 153, 24, 425, 342, 907, 622, 8, 279, 969, 209, 691, 115, 99, 577, 290, 695, 539, 672, 724, 949, 389, 2, 227, 647, 455, 600, 973, 589, 834, 963, 915, 16, 667, 697, 441, 814, 685, 510, 649, 334, 29, 791, 920, 97, 542, 442, 992, 520, 383, 694, 807, 90, 461, 227, 827, 410, 539, 623, 888, 887, 880, 619, 328, 133, 404, 981, 545, 872, 622, 503, 379, 923, 542, 541, 121, 924, 681, 830, 287, 969, 43, 920, 116, 36, 106, 174, 316, 389, 246, 953, 563, 300, 907, 160, 580, 887, 598, 446, 238, 908, 581, 160, 146, 661, 335, 440, 626, 76, 361, 697, 911, 247, 879, 39, 434, 60, 518, 61, 475, 908, 184, 740, 435, 898, 187, 673, 715, 529, 523, 304, 320, 998, 3, 362, 597, 471, 649, 378, 5, 980, 971, 174, 664, 328, 293, 681, 200, 63, 926, 607, 309, 478, 403, 284, 633, 238, 891, 515, 433, 368, 929, 456, 592, 337, 432, 971, 593, 133, 354, 96, 657, 343, 652, 591, 822, 659, 403, 397, 37, 1000, 985, 352, 448, 722, 938, 638, 672, 813, 266, 977, 564, 890, 957, 765, 113, 698, 272, 335, 82, 147, 766, 62, 21, 242, 137, 432, 260, 522, 871, 773, 179, 959, 433, 117, 325, 107, 583, 590, 937, 746, 941, 848, 52, 936, 596, 984, 892, 400, 781, 380, 211, 147, 765, 685, 189, 657, 899, 862, 8, 97, 90, 498, 619, 581, 382, 241, 96, 169, 985, 860, 897, 58, 271, 471, 473, 115, 480, 457, 508, 980, 968, 424, 100, 857, 39, 117, 484, 271, 458, 404, 235, 400, 58, 672, 123, 345, 857, 714, 400, 639, 381, 399, 21, 432, 375, 615, 662, 70, 625, 823, 914, 654, 672, 727, 324, 537, 316, 110, 834, 405, 776, 405, 281, 321, 714, 29, 562, 737, 400, 109, 531, 606, 85, 703, 666, 635, 29, 960, 890, 103, 682, 868, 892, 29, 1, 535, 938, 404, 959, 524, 797, 365, 993, 190, 355, 19, 849, 518, 771, 843, 721, 373, 634, 223, 307, 80, 537, 85, 274, 221, 8, 100, 24, 265, 144, 66, 514, 65, 222, 857, 369, 162, 55, 560, 912, 774, 885, 456, 898, 153, 332, 199, 713, 433, 427, 528, 301, 349, 70, 782, 422, 751, 388, 928, 160, 28, 350, 896, 95, 392, 871, 879, 668, 691, 192, 988, 919, 760, 580, 364, 456, 501, 642, 376, 254, 365, 551, 261, 132, 496, 200, 682, 514, 277, 97, 524, 852, 117, 395, 160, 233, 46, 586, 971, 747, 3, 609, 178, 579, 613, 170, 81, 687, 882, 977, 720, 609, 967, 328, 508, 803]
-------------------------------------------------------------------------------
end to beginning
output = [964, 958, 945, 944, 903, 903, 879, 865, 843, 842, 829, 704, 680, 676, 660, 644, 619, 618, 616, 608, 597, 577, 554, 543, 537, 520, 518, 517, 488, 486, 486, 478, 476, 458, 456, 442, 433, 430, 426, 424, 424, 415, 397, 382, 379, 374, 374, 352, 349, 348, 342, 342, 334, 328, 287, 246, 238, 184, 174, 147, 137, 117, 107, 97, 90, 58, 39, 29, 29, 29, 19, 8, 3]
of length = 73
elapsed time=0.0360226 seconds
-------------------------------------------------------------------------------
n = 2000
[549, 593, 715, 845, 603, 858, 545, 848, 424, 624, 646, 384, 438, 297, 892, 56, 964, 272, 383, 478, 792, 812, 529, 480, 568, 393, 926, 836, 71, 337, 87, 648, 20, 368, 833, 958, 778, 140, 870, 870, 979, 474, 799, 801, 461, 520, 781, 679, 118, 721, 640, 582, 143, 537, 945, 759, 522, 106, 415, 474, 264, 186, 775, 737, 456, 216, 569, 135, 18, 324, 618, 149, 612, 222, 617, 386, 944, 903, 682, 450, 359, 613, 437, 903, 698, 99, 60, 970, 667, 653, 671, 171, 210, 358, 129, 751, 315, 608, 364, 325, 570, 38, 439, 634, 989, 959, 102, 653, 209, 635, 161, 996, 653, 582, 253, 414, 466, 475, 244, 624, 159, 338, 110, 675, 656, 317, 138, 779, 196, 950, 369, 663, 821, 13, 97, 623, 838, 674, 96, 972, 977, 879, 469, 510, 977, 55, 605, 451, 740, 20, 39, 442, 283, 980, 120, 359, 296, 481, 118, 689, 318, 881, 414, 919, 64, 217, 693, 565, 567, 865, 265, 509, 523, 917, 94, 922, 576, 83, 930, 277, 318, 9, 668, 843, 131, 647, 717, 842, 289, 264, 183, 398, 587, 553, 20, 165, 829, 370, 4, 146, 678, 570, 270, 704, 735, 288, 963, 433, 249, 756, 576, 396, 592, 896, 572, 639, 223, 892, 953, 680, 447, 449, 847, 979, 700, 116, 297, 767, 814, 412, 396, 676, 881, 250, 581, 313, 882, 966, 693, 589, 725, 660, 501, 533, 957, 230, 644, 395, 424, 619, 606, 475, 19, 470, 301, 716, 660, 288, 290, 383, 618, 749, 429, 879, 135, 102, 298, 92, 570, 354, 591, 552, 574, 33, 653, 969, 652, 321, 431, 221, 897, 141, 367, 97, 436, 985, 892, 260, 807, 537, 704, 448, 100, 99, 920, 352, 714, 469, 999, 841, 149, 905, 868, 37, 162, 508, 616, 167, 123, 779, 848, 865, 808, 411, 569, 140, 407, 33, 69, 983, 698, 373, 453, 420, 722, 50, 867, 365, 976, 16, 856, 230, 11, 765, 360, 945, 730, 750, 171, 339, 521, 490, 54, 339, 200, 179, 18, 171, 794, 463, 224, 875, 345, 945, 929, 608, 705, 597, 31, 784, 164, 500, 622, 50, 577, 699, 238, 993, 935, 267, 614, 679, 536, 865, 590, 751, 730, 965, 312, 554, 398, 212, 210, 222, 186, 218, 945, 570, 740, 452, 490, 971, 227, 681, 254, 85, 58, 56, 434, 488, 312, 881, 697, 977, 378, 618, 179, 543, 24, 855, 67, 744, 680, 479, 454, 677, 537, 607, 897, 715, 991, 469, 217, 456, 663, 907, 263, 137, 20, 229, 759, 882, 320, 905, 383, 646, 588, 325, 831, 520, 629, 0, 873, 312, 273, 425, 798, 886, 185, 680, 953, 456, 688, 483, 215, 789, 948, 229, 731, 881, 254, 314, 213, 958, 518, 472, 25, 712, 207, 153, 425, 731, 374, 646, 464, 215, 277, 186, 587, 808, 864, 747, 117, 675, 517, 277, 132, 175, 717, 705, 396, 463, 565, 841, 183, 205, 144, 165, 488, 124, 355, 722, 941, 30, 766, 747, 749, 92, 904, 217, 83, 750, 552, 732, 585, 45, 962, 209, 292, 287, 241, 677, 100, 63, 16, 556, 930, 9, 670, 833, 785, 985, 282, 704, 586, 181, 64, 512, 486, 581, 978, 788, 877, 607, 338, 218, 962, 455, 231, 879, 950, 492, 942, 716, 800, 486, 631, 709, 875, 498, 293, 845, 849, 194, 618, 774, 13, 975, 347, 863, 148, 781, 982, 986, 478, 754, 497, 4, 640, 269, 368, 410, 137, 428, 822, 298, 190, 401, 511, 120, 224, 981, 97, 406, 863, 569, 973, 343, 961, 789, 907, 411, 774, 359, 333, 399, 81, 302, 407, 775, 232, 927, 132, 325, 53, 953, 726, 13, 11, 533, 771, 304, 147, 883, 79, 250, 89, 678, 672, 811, 245, 432, 420, 752, 557, 830, 861, 379, 727, 96, 270, 256, 131, 592, 55, 476, 301, 488, 262, 458, 456, 525, 683, 442, 696, 853, 283, 433, 380, 827, 181, 509, 789, 86, 56, 660, 697, 206, 779, 848, 778, 682, 259, 178, 374, 69, 588, 9, 273, 892, 371, 133, 197, 779, 460, 926, 44, 715, 800, 491, 77, 469, 519, 883, 307, 488, 578, 414, 960, 174, 646, 475, 35, 784, 430, 556, 510, 160, 536, 143, 682, 650, 277, 539, 128, 326, 393, 147, 957, 160, 187, 129, 904, 579, 544, 92, 457, 911, 882, 83, 459, 801, 724, 878, 399, 93, 904, 426, 690, 473, 700, 580, 328, 716, 757, 27, 636, 732, 240, 767, 160, 9, 797, 308, 960, 233, 458, 503, 591, 954, 858, 558, 457, 97, 952, 622, 576, 863, 821, 157, 909, 993, 816, 85, 159, 94, 629, 634, 398, 950, 62, 937, 424, 447, 258, 728, 849, 742, 33, 307, 959, 119, 355, 444, 357, 392, 16, 532, 185, 846, 401, 536, 930, 680, 99, 609, 946, 98, 870, 92, 454, 56, 327, 86, 232, 237, 615, 840, 33, 522, 15, 513, 429, 650, 68, 545, 252, 32, 221, 580, 253, 771, 131, 376, 12, 491, 115, 982, 619, 244, 975, 374, 991, 45, 409, 310, 163, 832, 639, 807, 490, 640, 990, 368, 65, 313, 784, 802, 288, 70, 241, 684, 663, 381, 246, 634, 666, 927, 517, 854, 424, 498, 555, 428, 287, 823, 707, 738, 415, 447, 360, 969, 829, 363, 925, 397, 46, 739, 232, 449, 348, 938, 815, 257, 986, 382, 969, 697, 905, 897, 296, 121, 993, 241, 249, 228, 106, 489, 951, 892, 233, 358, 690, 385, 58, 917, 731, 113, 882, 631, 272, 132, 379, 374, 374, 324, 749, 680, 238, 796, 172, 504, 449, 296, 304, 886, 840, 352, 237, 739, 502, 555, 943, 201, 634, 549, 868, 520, 941, 349, 751, 24, 700, 148, 968, 131, 995, 708, 452, 709, 70, 612, 293, 672, 152, 447, 417, 696, 131, 378, 604, 100, 383, 961, 896, 72, 968, 19, 547, 980, 275, 148, 592, 258, 897, 215, 407, 580, 552, 976, 271, 273, 455, 971, 402, 25, 248, 888, 506, 709, 310, 278, 373, 895, 525, 26, 751, 626, 333, 329, 925, 968, 863, 168, 48, 902, 253, 330, 446, 890, 104, 512, 348, 511, 740, 387, 681, 530, 623, 945, 711, 893, 205, 677, 342, 639, 676, 548, 880, 272, 544, 148, 282, 857, 30, 635, 711, 299, 7, 460, 373, 24, 531, 558, 923, 361, 89, 503, 406, 153, 24, 425, 342, 907, 622, 8, 279, 969, 209, 691, 115, 99, 577, 290, 695, 539, 672, 724, 949, 389, 2, 227, 647, 455, 600, 973, 589, 834, 963, 915, 16, 667, 697, 441, 814, 685, 510, 649, 334, 29, 791, 920, 97, 542, 442, 992, 520, 383, 694, 807, 90, 461, 227, 827, 410, 539, 623, 888, 887, 880, 619, 328, 133, 404, 981, 545, 872, 622, 503, 379, 923, 542, 541, 121, 924, 681, 830, 287, 969, 43, 920, 116, 36, 106, 174, 316, 389, 246, 953, 563, 300, 907, 160, 580, 887, 598, 446, 238, 908, 581, 160, 146, 661, 335, 440, 626, 76, 361, 697, 911, 247, 879, 39, 434, 60, 518, 61, 475, 908, 184, 740, 435, 898, 187, 673, 715, 529, 523, 304, 320, 998, 3, 362, 597, 471, 649, 378, 5, 980, 971, 174, 664, 328, 293, 681, 200, 63, 926, 607, 309, 478, 403, 284, 633, 238, 891, 515, 433, 368, 929, 456, 592, 337, 432, 971, 593, 133, 354, 96, 657, 343, 652, 591, 822, 659, 403, 397, 37, 1000, 985, 352, 448, 722, 938, 638, 672, 813, 266, 977, 564, 890, 957, 765, 113, 698, 272, 335, 82, 147, 766, 62, 21, 242, 137, 432, 260, 522, 871, 773, 179, 959, 433, 117, 325, 107, 583, 590, 937, 746, 941, 848, 52, 936, 596, 984, 892, 400, 781, 380, 211, 147, 765, 685, 189, 657, 899, 862, 8, 97, 90, 498, 619, 581, 382, 241, 96, 169, 985, 860, 897, 58, 271, 471, 473, 115, 480, 457, 508, 980, 968, 424, 100, 857, 39, 117, 484, 271, 458, 404, 235, 400, 58, 672, 123, 345, 857, 714, 400, 639, 381, 399, 21, 432, 375, 615, 662, 70, 625, 823, 914, 654, 672, 727, 324, 537, 316, 110, 834, 405, 776, 405, 281, 321, 714, 29, 562, 737, 400, 109, 531, 606, 85, 703, 666, 635, 29, 960, 890, 103, 682, 868, 892, 29, 1, 535, 938, 404, 959, 524, 797, 365, 993, 190, 355, 19, 849, 518, 771, 843, 721, 373, 634, 223, 307, 80, 537, 85, 274, 221, 8, 100, 24, 265, 144, 66, 514, 65, 222, 857, 369, 162, 55, 560, 912, 774, 885, 456, 898, 153, 332, 199, 713, 433, 427, 528, 301, 349, 70, 782, 422, 751, 388, 928, 160, 28, 350, 896, 95, 392, 871, 879, 668, 691, 192, 988, 919, 760, 580, 364, 456, 501, 642, 376, 254, 365, 551, 261, 132, 496, 200, 682, 514, 277, 97, 524, 852, 117, 395, 160, 233, 46, 586, 971, 747, 3, 609, 178, 579, 613, 170, 81, 687, 882, 977, 720, 609, 967, 328, 508, 803, 300, 837, 550, 415, 931, 416, 521, 937, 267, 722, 878, 32, 372, 426, 1, 93, 247, 979, 318, 575, 859, 644, 458, 364, 445, 668, 336, 572, 881, 775, 945, 901, 992, 404, 377, 896, 967, 65, 792, 686, 676, 231, 245, 539, 216, 773, 166, 747, 923, 722, 294, 483, 453, 194, 494, 205, 778, 536, 845, 438, 139, 975, 427, 301, 843, 79, 818, 727, 102, 976, 156, 782, 304, 247, 75, 36, 425, 407, 107, 878, 568, 432, 246, 284, 597, 936, 117, 773, 976, 611, 933, 2, 392, 932, 242, 674, 250, 224, 483, 24, 40, 7, 640, 928, 408, 693, 377, 705, 810, 596, 709, 537, 955, 456, 352, 600, 898, 654, 770, 373, 357, 668, 622, 457, 288, 85, 875, 233, 112, 81, 212, 322, 183, 611, 403, 367, 745, 726, 527, 678, 488, 144, 0, 168, 425, 64, 63, 264, 208, 348, 933, 88, 215, 602, 859, 715, 803, 157, 159, 342, 606, 727, 115, 663, 728, 855, 638, 555, 812, 25, 479, 57, 915, 80, 49, 517, 293, 755, 715, 32, 418, 457, 173, 825, 107, 669, 818, 546, 473, 589, 883, 897, 734, 575, 410, 422, 373, 703, 516, 357, 889, 973, 738, 873, 5, 156, 694, 684, 920, 34, 711, 886, 177, 845, 484, 510, 140, 127, 359, 622, 938, 239, 924, 631, 283, 694, 339, 106, 600, 477, 964, 586, 147, 253, 257, 201, 874, 638, 492, 761, 899, 359, 185, 709, 533, 587, 326, 810, 316, 204, 447, 797, 433, 266, 357, 298, 915, 979, 732, 46, 728, 189, 290, 521, 578, 376, 779, 242, 796, 685, 344, 669, 771, 964, 736, 879, 141, 998, 866, 363, 441, 45, 486, 325, 448, 497, 568, 172, 621, 85, 498, 453, 867, 933, 628, 763, 401, 311, 417, 889, 811, 697, 348, 463, 211, 264, 59, 576, 876, 195, 919, 741, 120, 937, 334, 659, 175, 725, 116, 164, 900, 748, 56, 497, 981, 87, 96, 386, 864, 730, 567, 578, 368, 306, 342, 989, 758, 574, 314, 945, 657, 560, 517, 565, 485, 51, 902, 104, 555, 615, 827, 732, 726, 244, 38, 964, 773, 741, 217, 238, 904, 645, 42, 340, 333, 728, 99, 585, 476, 757, 820, 251, 298, 933, 151, 993, 330, 164, 814, 513, 140, 864, 227, 348, 68, 242, 706, 731, 395, 978, 311, 504, 719, 392, 336, 392, 728, 795, 816, 706, 217, 319, 974, 975, 162, 892, 291, 701, 179, 441, 345, 207, 480, 665, 522, 754, 854, 604, 890, 496, 220, 118, 623, 785, 111, 492, 459, 854, 322, 134, 316, 966, 483, 491, 730, 72, 69, 280, 880, 903, 735, 334, 176, 971, 940, 444, 506, 367, 1000, 790, 197, 467, 535, 75, 290, 829, 304, 791, 591, 515, 922, 9, 806, 136, 724, 712, 559, 591, 923, 700, 492, 361, 874, 630, 834, 435, 214, 414, 771, 415, 12, 32, 323, 61, 229, 850, 507, 696, 737, 230, 97, 118, 515, 40, 939, 480, 228, 588, 677, 898]
-------------------------------------------------------------------------------
end to beginning
output = [964, 958, 945, 944, 903, 903, 879, 865, 843, 842, 829, 704, 680, 676, 660, 644, 619, 618, 616, 608, 597, 577, 554, 543, 537, 520, 518, 517, 488, 486, 486, 478, 476, 458, 456, 442, 433, 430, 426, 424, 424, 415, 397, 382, 379, 374, 374, 352, 349, 348, 342, 342, 334, 328, 316, 300, 293, 284, 272, 271, 271, 265, 254, 247, 247, 246, 242, 224, 212, 183, 168, 157, 156, 140, 127, 120, 116, 104, 99, 72, 69, 61, 40]
of length = 83
elapsed time=0.0386336 seconds
-------------------------------------------------------------------------------
n = 2500
[549, 593, 715, 845, 603, 858, 545, 848, 424, 624, 646, 384, 438, 297, 892, 56, 964, 272, 383, 478, 792, 812, 529, 480, 568, 393, 926, 836, 71, 337, 87, 648, 20, 368, 833, 958, 778, 140, 870, 870, 979, 474, 799, 801, 461, 520, 781, 679, 118, 721, 640, 582, 143, 537, 945, 759, 522, 106, 415, 474, 264, 186, 775, 737, 456, 216, 569, 135, 18, 324, 618, 149, 612, 222, 617, 386, 944, 903, 682, 450, 359, 613, 437, 903, 698, 99, 60, 970, 667, 653, 671, 171, 210, 358, 129, 751, 315, 608, 364, 325, 570, 38, 439, 634, 989, 959, 102, 653, 209, 635, 161, 996, 653, 582, 253, 414, 466, 475, 244, 624, 159, 338, 110, 675, 656, 317, 138, 779, 196, 950, 369, 663, 821, 13, 97, 623, 838, 674, 96, 972, 977, 879, 469, 510, 977, 55, 605, 451, 740, 20, 39, 442, 283, 980, 120, 359, 296, 481, 118, 689, 318, 881, 414, 919, 64, 217, 693, 565, 567, 865, 265, 509, 523, 917, 94, 922, 576, 83, 930, 277, 318, 9, 668, 843, 131, 647, 717, 842, 289, 264, 183, 398, 587, 553, 20, 165, 829, 370, 4, 146, 678, 570, 270, 704, 735, 288, 963, 433, 249, 756, 576, 396, 592, 896, 572, 639, 223, 892, 953, 680, 447, 449, 847, 979, 700, 116, 297, 767, 814, 412, 396, 676, 881, 250, 581, 313, 882, 966, 693, 589, 725, 660, 501, 533, 957, 230, 644, 395, 424, 619, 606, 475, 19, 470, 301, 716, 660, 288, 290, 383, 618, 749, 429, 879, 135, 102, 298, 92, 570, 354, 591, 552, 574, 33, 653, 969, 652, 321, 431, 221, 897, 141, 367, 97, 436, 985, 892, 260, 807, 537, 704, 448, 100, 99, 920, 352, 714, 469, 999, 841, 149, 905, 868, 37, 162, 508, 616, 167, 123, 779, 848, 865, 808, 411, 569, 140, 407, 33, 69, 983, 698, 373, 453, 420, 722, 50, 867, 365, 976, 16, 856, 230, 11, 765, 360, 945, 730, 750, 171, 339, 521, 490, 54, 339, 200, 179, 18, 171, 794, 463, 224, 875, 345, 945, 929, 608, 705, 597, 31, 784, 164, 500, 622, 50, 577, 699, 238, 993, 935, 267, 614, 679, 536, 865, 590, 751, 730, 965, 312, 554, 398, 212, 210, 222, 186, 218, 945, 570, 740, 452, 490, 971, 227, 681, 254, 85, 58, 56, 434, 488, 312, 881, 697, 977, 378, 618, 179, 543, 24, 855, 67, 744, 680, 479, 454, 677, 537, 607, 897, 715, 991, 469, 217, 456, 663, 907, 263, 137, 20, 229, 759, 882, 320, 905, 383, 646, 588, 325, 831, 520, 629, 0, 873, 312, 273, 425, 798, 886, 185, 680, 953, 456, 688, 483, 215, 789, 948, 229, 731, 881, 254, 314, 213, 958, 518, 472, 25, 712, 207, 153, 425, 731, 374, 646, 464, 215, 277, 186, 587, 808, 864, 747, 117, 675, 517, 277, 132, 175, 717, 705, 396, 463, 565, 841, 183, 205, 144, 165, 488, 124, 355, 722, 941, 30, 766, 747, 749, 92, 904, 217, 83, 750, 552, 732, 585, 45, 962, 209, 292, 287, 241, 677, 100, 63, 16, 556, 930, 9, 670, 833, 785, 985, 282, 704, 586, 181, 64, 512, 486, 581, 978, 788, 877, 607, 338, 218, 962, 455, 231, 879, 950, 492, 942, 716, 800, 486, 631, 709, 875, 498, 293, 845, 849, 194, 618, 774, 13, 975, 347, 863, 148, 781, 982, 986, 478, 754, 497, 4, 640, 269, 368, 410, 137, 428, 822, 298, 190, 401, 511, 120, 224, 981, 97, 406, 863, 569, 973, 343, 961, 789, 907, 411, 774, 359, 333, 399, 81, 302, 407, 775, 232, 927, 132, 325, 53, 953, 726, 13, 11, 533, 771, 304, 147, 883, 79, 250, 89, 678, 672, 811, 245, 432, 420, 752, 557, 830, 861, 379, 727, 96, 270, 256, 131, 592, 55, 476, 301, 488, 262, 458, 456, 525, 683, 442, 696, 853, 283, 433, 380, 827, 181, 509, 789, 86, 56, 660, 697, 206, 779, 848, 778, 682, 259, 178, 374, 69, 588, 9, 273, 892, 371, 133, 197, 779, 460, 926, 44, 715, 800, 491, 77, 469, 519, 883, 307, 488, 578, 414, 960, 174, 646, 475, 35, 784, 430, 556, 510, 160, 536, 143, 682, 650, 277, 539, 128, 326, 393, 147, 957, 160, 187, 129, 904, 579, 544, 92, 457, 911, 882, 83, 459, 801, 724, 878, 399, 93, 904, 426, 690, 473, 700, 580, 328, 716, 757, 27, 636, 732, 240, 767, 160, 9, 797, 308, 960, 233, 458, 503, 591, 954, 858, 558, 457, 97, 952, 622, 576, 863, 821, 157, 909, 993, 816, 85, 159, 94, 629, 634, 398, 950, 62, 937, 424, 447, 258, 728, 849, 742, 33, 307, 959, 119, 355, 444, 357, 392, 16, 532, 185, 846, 401, 536, 930, 680, 99, 609, 946, 98, 870, 92, 454, 56, 327, 86, 232, 237, 615, 840, 33, 522, 15, 513, 429, 650, 68, 545, 252, 32, 221, 580, 253, 771, 131, 376, 12, 491, 115, 982, 619, 244, 975, 374, 991, 45, 409, 310, 163, 832, 639, 807, 490, 640, 990, 368, 65, 313, 784, 802, 288, 70, 241, 684, 663, 381, 246, 634, 666, 927, 517, 854, 424, 498, 555, 428, 287, 823, 707, 738, 415, 447, 360, 969, 829, 363, 925, 397, 46, 739, 232, 449, 348, 938, 815, 257, 986, 382, 969, 697, 905, 897, 296, 121, 993, 241, 249, 228, 106, 489, 951, 892, 233, 358, 690, 385, 58, 917, 731, 113, 882, 631, 272, 132, 379, 374, 374, 324, 749, 680, 238, 796, 172, 504, 449, 296, 304, 886, 840, 352, 237, 739, 502, 555, 943, 201, 634, 549, 868, 520, 941, 349, 751, 24, 700, 148, 968, 131, 995, 708, 452, 709, 70, 612, 293, 672, 152, 447, 417, 696, 131, 378, 604, 100, 383, 961, 896, 72, 968, 19, 547, 980, 275, 148, 592, 258, 897, 215, 407, 580, 552, 976, 271, 273, 455, 971, 402, 25, 248, 888, 506, 709, 310, 278, 373, 895, 525, 26, 751, 626, 333, 329, 925, 968, 863, 168, 48, 902, 253, 330, 446, 890, 104, 512, 348, 511, 740, 387, 681, 530, 623, 945, 711, 893, 205, 677, 342, 639, 676, 548, 880, 272, 544, 148, 282, 857, 30, 635, 711, 299, 7, 460, 373, 24, 531, 558, 923, 361, 89, 503, 406, 153, 24, 425, 342, 907, 622, 8, 279, 969, 209, 691, 115, 99, 577, 290, 695, 539, 672, 724, 949, 389, 2, 227, 647, 455, 600, 973, 589, 834, 963, 915, 16, 667, 697, 441, 814, 685, 510, 649, 334, 29, 791, 920, 97, 542, 442, 992, 520, 383, 694, 807, 90, 461, 227, 827, 410, 539, 623, 888, 887, 880, 619, 328, 133, 404, 981, 545, 872, 622, 503, 379, 923, 542, 541, 121, 924, 681, 830, 287, 969, 43, 920, 116, 36, 106, 174, 316, 389, 246, 953, 563, 300, 907, 160, 580, 887, 598, 446, 238, 908, 581, 160, 146, 661, 335, 440, 626, 76, 361, 697, 911, 247, 879, 39, 434, 60, 518, 61, 475, 908, 184, 740, 435, 898, 187, 673, 715, 529, 523, 304, 320, 998, 3, 362, 597, 471, 649, 378, 5, 980, 971, 174, 664, 328, 293, 681, 200, 63, 926, 607, 309, 478, 403, 284, 633, 238, 891, 515, 433, 368, 929, 456, 592, 337, 432, 971, 593, 133, 354, 96, 657, 343, 652, 591, 822, 659, 403, 397, 37, 1000, 985, 352, 448, 722, 938, 638, 672, 813, 266, 977, 564, 890, 957, 765, 113, 698, 272, 335, 82, 147, 766, 62, 21, 242, 137, 432, 260, 522, 871, 773, 179, 959, 433, 117, 325, 107, 583, 590, 937, 746, 941, 848, 52, 936, 596, 984, 892, 400, 781, 380, 211, 147, 765, 685, 189, 657, 899, 862, 8, 97, 90, 498, 619, 581, 382, 241, 96, 169, 985, 860, 897, 58, 271, 471, 473, 115, 480, 457, 508, 980, 968, 424, 100, 857, 39, 117, 484, 271, 458, 404, 235, 400, 58, 672, 123, 345, 857, 714, 400, 639, 381, 399, 21, 432, 375, 615, 662, 70, 625, 823, 914, 654, 672, 727, 324, 537, 316, 110, 834, 405, 776, 405, 281, 321, 714, 29, 562, 737, 400, 109, 531, 606, 85, 703, 666, 635, 29, 960, 890, 103, 682, 868, 892, 29, 1, 535, 938, 404, 959, 524, 797, 365, 993, 190, 355, 19, 849, 518, 771, 843, 721, 373, 634, 223, 307, 80, 537, 85, 274, 221, 8, 100, 24, 265, 144, 66, 514, 65, 222, 857, 369, 162, 55, 560, 912, 774, 885, 456, 898, 153, 332, 199, 713, 433, 427, 528, 301, 349, 70, 782, 422, 751, 388, 928, 160, 28, 350, 896, 95, 392, 871, 879, 668, 691, 192, 988, 919, 760, 580, 364, 456, 501, 642, 376, 254, 365, 551, 261, 132, 496, 200, 682, 514, 277, 97, 524, 852, 117, 395, 160, 233, 46, 586, 971, 747, 3, 609, 178, 579, 613, 170, 81, 687, 882, 977, 720, 609, 967, 328, 508, 803, 300, 837, 550, 415, 931, 416, 521, 937, 267, 722, 878, 32, 372, 426, 1, 93, 247, 979, 318, 575, 859, 644, 458, 364, 445, 668, 336, 572, 881, 775, 945, 901, 992, 404, 377, 896, 967, 65, 792, 686, 676, 231, 245, 539, 216, 773, 166, 747, 923, 722, 294, 483, 453, 194, 494, 205, 778, 536, 845, 438, 139, 975, 427, 301, 843, 79, 818, 727, 102, 976, 156, 782, 304, 247, 75, 36, 425, 407, 107, 878, 568, 432, 246, 284, 597, 936, 117, 773, 976, 611, 933, 2, 392, 932, 242, 674, 250, 224, 483, 24, 40, 7, 640, 928, 408, 693, 377, 705, 810, 596, 709, 537, 955, 456, 352, 600, 898, 654, 770, 373, 357, 668, 622, 457, 288, 85, 875, 233, 112, 81, 212, 322, 183, 611, 403, 367, 745, 726, 527, 678, 488, 144, 0, 168, 425, 64, 63, 264, 208, 348, 933, 88, 215, 602, 859, 715, 803, 157, 159, 342, 606, 727, 115, 663, 728, 855, 638, 555, 812, 25, 479, 57, 915, 80, 49, 517, 293, 755, 715, 32, 418, 457, 173, 825, 107, 669, 818, 546, 473, 589, 883, 897, 734, 575, 410, 422, 373, 703, 516, 357, 889, 973, 738, 873, 5, 156, 694, 684, 920, 34, 711, 886, 177, 845, 484, 510, 140, 127, 359, 622, 938, 239, 924, 631, 283, 694, 339, 106, 600, 477, 964, 586, 147, 253, 257, 201, 874, 638, 492, 761, 899, 359, 185, 709, 533, 587, 326, 810, 316, 204, 447, 797, 433, 266, 357, 298, 915, 979, 732, 46, 728, 189, 290, 521, 578, 376, 779, 242, 796, 685, 344, 669, 771, 964, 736, 879, 141, 998, 866, 363, 441, 45, 486, 325, 448, 497, 568, 172, 621, 85, 498, 453, 867, 933, 628, 763, 401, 311, 417, 889, 811, 697, 348, 463, 211, 264, 59, 576, 876, 195, 919, 741, 120, 937, 334, 659, 175, 725, 116, 164, 900, 748, 56, 497, 981, 87, 96, 386, 864, 730, 567, 578, 368, 306, 342, 989, 758, 574, 314, 945, 657, 560, 517, 565, 485, 51, 902, 104, 555, 615, 827, 732, 726, 244, 38, 964, 773, 741, 217, 238, 904, 645, 42, 340, 333, 728, 99, 585, 476, 757, 820, 251, 298, 933, 151, 993, 330, 164, 814, 513, 140, 864, 227, 348, 68, 242, 706, 731, 395, 978, 311, 504, 719, 392, 336, 392, 728, 795, 816, 706, 217, 319, 974, 975, 162, 892, 291, 701, 179, 441, 345, 207, 480, 665, 522, 754, 854, 604, 890, 496, 220, 118, 623, 785, 111, 492, 459, 854, 322, 134, 316, 966, 483, 491, 730, 72, 69, 280, 880, 903, 735, 334, 176, 971, 940, 444, 506, 367, 1000, 790, 197, 467, 535, 75, 290, 829, 304, 791, 591, 515, 922, 9, 806, 136, 724, 712, 559, 591, 923, 700, 492, 361, 874, 630, 834, 435, 214, 414, 771, 415, 12, 32, 323, 61, 229, 850, 507, 696, 737, 230, 97, 118, 515, 40, 939, 480, 228, 588, 677, 898, 593, 921, 10, 366, 476, 931, 709, 546, 44, 574, 880, 178, 520, 115, 30, 244, 224, 124, 954, 223, 582, 540, 107, 869, 287, 795, 457, 32, 20, 699, 412, 46, 489, 999, 243, 784, 589, 231, 753, 490, 236, 744, 621, 840, 640, 229, 949, 134, 779, 932, 849, 671, 490, 877, 185, 232, 996, 128, 129, 350, 471, 252, 68, 72, 944, 645, 965, 251, 720, 450, 350, 288, 254, 922, 265, 450, 127, 880, 526, 44, 141, 536, 317, 453, 627, 326, 728, 300, 24, 267, 430, 199, 652, 493, 854, 345, 475, 330, 970, 66, 265, 13, 13, 912, 484, 414, 256, 677, 824, 452, 233, 200, 310, 930, 792, 122, 715, 481, 558, 91, 705, 229, 419, 686, 5, 526, 11, 550, 511, 833, 83, 60, 51, 905, 966, 651, 859, 641, 152, 30, 0, 910, 942, 28, 278, 185, 186, 896, 692, 126, 109, 398, 264, 760, 976, 563, 640, 731, 521, 193, 398, 412, 775, 498, 141, 243, 968, 998, 861, 671, 618, 884, 42, 393, 701, 925, 914, 251, 525, 158, 354, 787, 120, 973, 755, 62, 885, 100, 100, 318, 759, 526, 17, 704, 968, 956, 615, 117, 552, 356, 296, 266, 930, 808, 266, 163, 828, 877, 986, 774, 784, 884, 519, 970, 66, 574, 472, 458, 438, 485, 202, 896, 424, 208, 358, 375, 163, 641, 441, 716, 263, 56, 522, 979, 35, 331, 907, 206, 817, 307, 553, 985, 852, 669, 963, 245, 110, 201, 631, 74, 998, 363, 988, 824, 603, 275, 128, 368, 583, 762, 2, 696, 199, 412, 957, 164, 330, 894, 639, 575, 281, 257, 948, 237, 729, 448, 329, 403, 792, 68, 108, 944, 392, 787, 221, 497, 684, 327, 102, 181, 397, 166, 276, 240, 506, 220, 350, 710, 707, 770, 24, 363, 634, 159, 230, 645, 268, 333, 801, 933, 956, 789, 316, 988, 827, 888, 104, 5, 634, 60, 751, 899, 156, 119, 426, 596, 893, 355, 103, 33, 18, 82, 591, 766, 435, 843, 799, 363, 924, 247, 299, 494, 388, 152, 486, 617, 588, 740, 984, 704, 698, 933, 389, 602, 264, 595, 945, 737, 135, 726, 720, 279, 926, 798, 665, 905, 423, 780, 199, 850, 367, 849, 707, 247, 650, 827, 928, 719, 867, 323, 816, 675, 912, 673, 276, 803, 369, 0, 380, 647, 561, 673, 668, 577, 287, 778, 19, 143, 399, 301, 308, 756, 943, 343, 889, 604, 861, 622, 653, 298, 344, 461, 549, 685, 816, 774, 98, 647, 801, 386, 41, 31, 817, 901, 808, 9, 51, 102, 627, 784, 502, 60, 169, 886, 148, 899, 774, 56, 568, 951, 983, 514, 983, 0, 993, 523, 118, 380, 939, 986, 244, 260, 458, 446, 758, 94, 203, 877, 566, 37, 186, 772, 104, 278, 116, 139, 357, 702, 4, 625, 425, 35, 664, 388, 402, 556, 85, 356, 62, 632, 278, 463, 169, 646, 966, 610, 151, 201, 806, 338, 586, 303, 569, 981, 512, 244, 972, 230, 364, 57]
-------------------------------------------------------------------------------
end to beginning
output = [964, 958, 945, 944, 903, 903, 879, 865, 843, 842, 829, 704, 680, 676, 660, 644, 619, 618, 616, 608, 597, 577, 554, 543, 537, 520, 518, 517, 488, 486, 486, 478, 476, 458, 456, 442, 433, 430, 426, 424, 424, 415, 397, 382, 379, 374, 374, 352, 349, 348, 342, 342, 334, 328, 316, 300, 293, 284, 272, 271, 271, 265, 254, 247, 247, 246, 242, 224, 212, 183, 168, 157, 156, 147, 141, 140, 134, 134, 128, 127, 122, 120, 117, 110, 108, 104, 103, 82, 41, 31, 9, 0]
of length = 92
elapsed time=0.0537732 seconds
-------------------------------------------------------------------------------
n = 3000
[549, 593, 715, 845, 603, 858, 545, 848, 424, 624, 646, 384, 438, 297, 892, 56, 964, 272, 383, 478, 792, 812, 529, 480, 568, 393, 926, 836, 71, 337, 87, 648, 20, 368, 833, 958, 778, 140, 870, 870, 979, 474, 799, 801, 461, 520, 781, 679, 118, 721, 640, 582, 143, 537, 945, 759, 522, 106, 415, 474, 264, 186, 775, 737, 456, 216, 569, 135, 18, 324, 618, 149, 612, 222, 617, 386, 944, 903, 682, 450, 359, 613, 437, 903, 698, 99, 60, 970, 667, 653, 671, 171, 210, 358, 129, 751, 315, 608, 364, 325, 570, 38, 439, 634, 989, 959, 102, 653, 209, 635, 161, 996, 653, 582, 253, 414, 466, 475, 244, 624, 159, 338, 110, 675, 656, 317, 138, 779, 196, 950, 369, 663, 821, 13, 97, 623, 838, 674, 96, 972, 977, 879, 469, 510, 977, 55, 605, 451, 740, 20, 39, 442, 283, 980, 120, 359, 296, 481, 118, 689, 318, 881, 414, 919, 64, 217, 693, 565, 567, 865, 265, 509, 523, 917, 94, 922, 576, 83, 930, 277, 318, 9, 668, 843, 131, 647, 717, 842, 289, 264, 183, 398, 587, 553, 20, 165, 829, 370, 4, 146, 678, 570, 270, 704, 735, 288, 963, 433, 249, 756, 576, 396, 592, 896, 572, 639, 223, 892, 953, 680, 447, 449, 847, 979, 700, 116, 297, 767, 814, 412, 396, 676, 881, 250, 581, 313, 882, 966, 693, 589, 725, 660, 501, 533, 957, 230, 644, 395, 424, 619, 606, 475, 19, 470, 301, 716, 660, 288, 290, 383, 618, 749, 429, 879, 135, 102, 298, 92, 570, 354, 591, 552, 574, 33, 653, 969, 652, 321, 431, 221, 897, 141, 367, 97, 436, 985, 892, 260, 807, 537, 704, 448, 100, 99, 920, 352, 714, 469, 999, 841, 149, 905, 868, 37, 162, 508, 616, 167, 123, 779, 848, 865, 808, 411, 569, 140, 407, 33, 69, 983, 698, 373, 453, 420, 722, 50, 867, 365, 976, 16, 856, 230, 11, 765, 360, 945, 730, 750, 171, 339, 521, 490, 54, 339, 200, 179, 18, 171, 794, 463, 224, 875, 345, 945, 929, 608, 705, 597, 31, 784, 164, 500, 622, 50, 577, 699, 238, 993, 935, 267, 614, 679, 536, 865, 590, 751, 730, 965, 312, 554, 398, 212, 210, 222, 186, 218, 945, 570, 740, 452, 490, 971, 227, 681, 254, 85, 58, 56, 434, 488, 312, 881, 697, 977, 378, 618, 179, 543, 24, 855, 67, 744, 680, 479, 454, 677, 537, 607, 897, 715, 991, 469, 217, 456, 663, 907, 263, 137, 20, 229, 759, 882, 320, 905, 383, 646, 588, 325, 831, 520, 629, 0, 873, 312, 273, 425, 798, 886, 185, 680, 953, 456, 688, 483, 215, 789, 948, 229, 731, 881, 254, 314, 213, 958, 518, 472, 25, 712, 207, 153, 425, 731, 374, 646, 464, 215, 277, 186, 587, 808, 864, 747, 117, 675, 517, 277, 132, 175, 717, 705, 396, 463, 565, 841, 183, 205, 144, 165, 488, 124, 355, 722, 941, 30, 766, 747, 749, 92, 904, 217, 83, 750, 552, 732, 585, 45, 962, 209, 292, 287, 241, 677, 100, 63, 16, 556, 930, 9, 670, 833, 785, 985, 282, 704, 586, 181, 64, 512, 486, 581, 978, 788, 877, 607, 338, 218, 962, 455, 231, 879, 950, 492, 942, 716, 800, 486, 631, 709, 875, 498, 293, 845, 849, 194, 618, 774, 13, 975, 347, 863, 148, 781, 982, 986, 478, 754, 497, 4, 640, 269, 368, 410, 137, 428, 822, 298, 190, 401, 511, 120, 224, 981, 97, 406, 863, 569, 973, 343, 961, 789, 907, 411, 774, 359, 333, 399, 81, 302, 407, 775, 232, 927, 132, 325, 53, 953, 726, 13, 11, 533, 771, 304, 147, 883, 79, 250, 89, 678, 672, 811, 245, 432, 420, 752, 557, 830, 861, 379, 727, 96, 270, 256, 131, 592, 55, 476, 301, 488, 262, 458, 456, 525, 683, 442, 696, 853, 283, 433, 380, 827, 181, 509, 789, 86, 56, 660, 697, 206, 779, 848, 778, 682, 259, 178, 374, 69, 588, 9, 273, 892, 371, 133, 197, 779, 460, 926, 44, 715, 800, 491, 77, 469, 519, 883, 307, 488, 578, 414, 960, 174, 646, 475, 35, 784, 430, 556, 510, 160, 536, 143, 682, 650, 277, 539, 128, 326, 393, 147, 957, 160, 187, 129, 904, 579, 544, 92, 457, 911, 882, 83, 459, 801, 724, 878, 399, 93, 904, 426, 690, 473, 700, 580, 328, 716, 757, 27, 636, 732, 240, 767, 160, 9, 797, 308, 960, 233, 458, 503, 591, 954, 858, 558, 457, 97, 952, 622, 576, 863, 821, 157, 909, 993, 816, 85, 159, 94, 629, 634, 398, 950, 62, 937, 424, 447, 258, 728, 849, 742, 33, 307, 959, 119, 355, 444, 357, 392, 16, 532, 185, 846, 401, 536, 930, 680, 99, 609, 946, 98, 870, 92, 454, 56, 327, 86, 232, 237, 615, 840, 33, 522, 15, 513, 429, 650, 68, 545, 252, 32, 221, 580, 253, 771, 131, 376, 12, 491, 115, 982, 619, 244, 975, 374, 991, 45, 409, 310, 163, 832, 639, 807, 490, 640, 990, 368, 65, 313, 784, 802, 288, 70, 241, 684, 663, 381, 246, 634, 666, 927, 517, 854, 424, 498, 555, 428, 287, 823, 707, 738, 415, 447, 360, 969, 829, 363, 925, 397, 46, 739, 232, 449, 348, 938, 815, 257, 986, 382, 969, 697, 905, 897, 296, 121, 993, 241, 249, 228, 106, 489, 951, 892, 233, 358, 690, 385, 58, 917, 731, 113, 882, 631, 272, 132, 379, 374, 374, 324, 749, 680, 238, 796, 172, 504, 449, 296, 304, 886, 840, 352, 237, 739, 502, 555, 943, 201, 634, 549, 868, 520, 941, 349, 751, 24, 700, 148, 968, 131, 995, 708, 452, 709, 70, 612, 293, 672, 152, 447, 417, 696, 131, 378, 604, 100, 383, 961, 896, 72, 968, 19, 547, 980, 275, 148, 592, 258, 897, 215, 407, 580, 552, 976, 271, 273, 455, 971, 402, 25, 248, 888, 506, 709, 310, 278, 373, 895, 525, 26, 751, 626, 333, 329, 925, 968, 863, 168, 48, 902, 253, 330, 446, 890, 104, 512, 348, 511, 740, 387, 681, 530, 623, 945, 711, 893, 205, 677, 342, 639, 676, 548, 880, 272, 544, 148, 282, 857, 30, 635, 711, 299, 7, 460, 373, 24, 531, 558, 923, 361, 89, 503, 406, 153, 24, 425, 342, 907, 622, 8, 279, 969, 209, 691, 115, 99, 577, 290, 695, 539, 672, 724, 949, 389, 2, 227, 647, 455, 600, 973, 589, 834, 963, 915, 16, 667, 697, 441, 814, 685, 510, 649, 334, 29, 791, 920, 97, 542, 442, 992, 520, 383, 694, 807, 90, 461, 227, 827, 410, 539, 623, 888, 887, 880, 619, 328, 133, 404, 981, 545, 872, 622, 503, 379, 923, 542, 541, 121, 924, 681, 830, 287, 969, 43, 920, 116, 36, 106, 174, 316, 389, 246, 953, 563, 300, 907, 160, 580, 887, 598, 446, 238, 908, 581, 160, 146, 661, 335, 440, 626, 76, 361, 697, 911, 247, 879, 39, 434, 60, 518, 61, 475, 908, 184, 740, 435, 898, 187, 673, 715, 529, 523, 304, 320, 998, 3, 362, 597, 471, 649, 378, 5, 980, 971, 174, 664, 328, 293, 681, 200, 63, 926, 607, 309, 478, 403, 284, 633, 238, 891, 515, 433, 368, 929, 456, 592, 337, 432, 971, 593, 133, 354, 96, 657, 343, 652, 591, 822, 659, 403, 397, 37, 1000, 985, 352, 448, 722, 938, 638, 672, 813, 266, 977, 564, 890, 957, 765, 113, 698, 272, 335, 82, 147, 766, 62, 21, 242, 137, 432, 260, 522, 871, 773, 179, 959, 433, 117, 325, 107, 583, 590, 937, 746, 941, 848, 52, 936, 596, 984, 892, 400, 781, 380, 211, 147, 765, 685, 189, 657, 899, 862, 8, 97, 90, 498, 619, 581, 382, 241, 96, 169, 985, 860, 897, 58, 271, 471, 473, 115, 480, 457, 508, 980, 968, 424, 100, 857, 39, 117, 484, 271, 458, 404, 235, 400, 58, 672, 123, 345, 857, 714, 400, 639, 381, 399, 21, 432, 375, 615, 662, 70, 625, 823, 914, 654, 672, 727, 324, 537, 316, 110, 834, 405, 776, 405, 281, 321, 714, 29, 562, 737, 400, 109, 531, 606, 85, 703, 666, 635, 29, 960, 890, 103, 682, 868, 892, 29, 1, 535, 938, 404, 959, 524, 797, 365, 993, 190, 355, 19, 849, 518, 771, 843, 721, 373, 634, 223, 307, 80, 537, 85, 274, 221, 8, 100, 24, 265, 144, 66, 514, 65, 222, 857, 369, 162, 55, 560, 912, 774, 885, 456, 898, 153, 332, 199, 713, 433, 427, 528, 301, 349, 70, 782, 422, 751, 388, 928, 160, 28, 350, 896, 95, 392, 871, 879, 668, 691, 192, 988, 919, 760, 580, 364, 456, 501, 642, 376, 254, 365, 551, 261, 132, 496, 200, 682, 514, 277, 97, 524, 852, 117, 395, 160, 233, 46, 586, 971, 747, 3, 609, 178, 579, 613, 170, 81, 687, 882, 977, 720, 609, 967, 328, 508, 803, 300, 837, 550, 415, 931, 416, 521, 937, 267, 722, 878, 32, 372, 426, 1, 93, 247, 979, 318, 575, 859, 644, 458, 364, 445, 668, 336, 572, 881, 775, 945, 901, 992, 404, 377, 896, 967, 65, 792, 686, 676, 231, 245, 539, 216, 773, 166, 747, 923, 722, 294, 483, 453, 194, 494, 205, 778, 536, 845, 438, 139, 975, 427, 301, 843, 79, 818, 727, 102, 976, 156, 782, 304, 247, 75, 36, 425, 407, 107, 878, 568, 432, 246, 284, 597, 936, 117, 773, 976, 611, 933, 2, 392, 932, 242, 674, 250, 224, 483, 24, 40, 7, 640, 928, 408, 693, 377, 705, 810, 596, 709, 537, 955, 456, 352, 600, 898, 654, 770, 373, 357, 668, 622, 457, 288, 85, 875, 233, 112, 81, 212, 322, 183, 611, 403, 367, 745, 726, 527, 678, 488, 144, 0, 168, 425, 64, 63, 264, 208, 348, 933, 88, 215, 602, 859, 715, 803, 157, 159, 342, 606, 727, 115, 663, 728, 855, 638, 555, 812, 25, 479, 57, 915, 80, 49, 517, 293, 755, 715, 32, 418, 457, 173, 825, 107, 669, 818, 546, 473, 589, 883, 897, 734, 575, 410, 422, 373, 703, 516, 357, 889, 973, 738, 873, 5, 156, 694, 684, 920, 34, 711, 886, 177, 845, 484, 510, 140, 127, 359, 622, 938, 239, 924, 631, 283, 694, 339, 106, 600, 477, 964, 586, 147, 253, 257, 201, 874, 638, 492, 761, 899, 359, 185, 709, 533, 587, 326, 810, 316, 204, 447, 797, 433, 266, 357, 298, 915, 979, 732, 46, 728, 189, 290, 521, 578, 376, 779, 242, 796, 685, 344, 669, 771, 964, 736, 879, 141, 998, 866, 363, 441, 45, 486, 325, 448, 497, 568, 172, 621, 85, 498, 453, 867, 933, 628, 763, 401, 311, 417, 889, 811, 697, 348, 463, 211, 264, 59, 576, 876, 195, 919, 741, 120, 937, 334, 659, 175, 725, 116, 164, 900, 748, 56, 497, 981, 87, 96, 386, 864, 730, 567, 578, 368, 306, 342, 989, 758, 574, 314, 945, 657, 560, 517, 565, 485, 51, 902, 104, 555, 615, 827, 732, 726, 244, 38, 964, 773, 741, 217, 238, 904, 645, 42, 340, 333, 728, 99, 585, 476, 757, 820, 251, 298, 933, 151, 993, 330, 164, 814, 513, 140, 864, 227, 348, 68, 242, 706, 731, 395, 978, 311, 504, 719, 392, 336, 392, 728, 795, 816, 706, 217, 319, 974, 975, 162, 892, 291, 701, 179, 441, 345, 207, 480, 665, 522, 754, 854, 604, 890, 496, 220, 118, 623, 785, 111, 492, 459, 854, 322, 134, 316, 966, 483, 491, 730, 72, 69, 280, 880, 903, 735, 334, 176, 971, 940, 444, 506, 367, 1000, 790, 197, 467, 535, 75, 290, 829, 304, 791, 591, 515, 922, 9, 806, 136, 724, 712, 559, 591, 923, 700, 492, 361, 874, 630, 834, 435, 214, 414, 771, 415, 12, 32, 323, 61, 229, 850, 507, 696, 737, 230, 97, 118, 515, 40, 939, 480, 228, 588, 677, 898, 593, 921, 10, 366, 476, 931, 709, 546, 44, 574, 880, 178, 520, 115, 30, 244, 224, 124, 954, 223, 582, 540, 107, 869, 287, 795, 457, 32, 20, 699, 412, 46, 489, 999, 243, 784, 589, 231, 753, 490, 236, 744, 621, 840, 640, 229, 949, 134, 779, 932, 849, 671, 490, 877, 185, 232, 996, 128, 129, 350, 471, 252, 68, 72, 944, 645, 965, 251, 720, 450, 350, 288, 254, 922, 265, 450, 127, 880, 526, 44, 141, 536, 317, 453, 627, 326, 728, 300, 24, 267, 430, 199, 652, 493, 854, 345, 475, 330, 970, 66, 265, 13, 13, 912, 484, 414, 256, 677, 824, 452, 233, 200, 310, 930, 792, 122, 715, 481, 558, 91, 705, 229, 419, 686, 5, 526, 11, 550, 511, 833, 83, 60, 51, 905, 966, 651, 859, 641, 152, 30, 0, 910, 942, 28, 278, 185, 186, 896, 692, 126, 109, 398, 264, 760, 976, 563, 640, 731, 521, 193, 398, 412, 775, 498, 141, 243, 968, 998, 861, 671, 618, 884, 42, 393, 701, 925, 914, 251, 525, 158, 354, 787, 120, 973, 755, 62, 885, 100, 100, 318, 759, 526, 17, 704, 968, 956, 615, 117, 552, 356, 296, 266, 930, 808, 266, 163, 828, 877, 986, 774, 784, 884, 519, 970, 66, 574, 472, 458, 438, 485, 202, 896, 424, 208, 358, 375, 163, 641, 441, 716, 263, 56, 522, 979, 35, 331, 907, 206, 817, 307, 553, 985, 852, 669, 963, 245, 110, 201, 631, 74, 998, 363, 988, 824, 603, 275, 128, 368, 583, 762, 2, 696, 199, 412, 957, 164, 330, 894, 639, 575, 281, 257, 948, 237, 729, 448, 329, 403, 792, 68, 108, 944, 392, 787, 221, 497, 684, 327, 102, 181, 397, 166, 276, 240, 506, 220, 350, 710, 707, 770, 24, 363, 634, 159, 230, 645, 268, 333, 801, 933, 956, 789, 316, 988, 827, 888, 104, 5, 634, 60, 751, 899, 156, 119, 426, 596, 893, 355, 103, 33, 18, 82, 591, 766, 435, 843, 799, 363, 924, 247, 299, 494, 388, 152, 486, 617, 588, 740, 984, 704, 698, 933, 389, 602, 264, 595, 945, 737, 135, 726, 720, 279, 926, 798, 665, 905, 423, 780, 199, 850, 367, 849, 707, 247, 650, 827, 928, 719, 867, 323, 816, 675, 912, 673, 276, 803, 369, 0, 380, 647, 561, 673, 668, 577, 287, 778, 19, 143, 399, 301, 308, 756, 943, 343, 889, 604, 861, 622, 653, 298, 344, 461, 549, 685, 816, 774, 98, 647, 801, 386, 41, 31, 817, 901, 808, 9, 51, 102, 627, 784, 502, 60, 169, 886, 148, 899, 774, 56, 568, 951, 983, 514, 983, 0, 993, 523, 118, 380, 939, 986, 244, 260, 458, 446, 758, 94, 203, 877, 566, 37, 186, 772, 104, 278, 116, 139, 357, 702, 4, 625, 425, 35, 664, 388, 402, 556, 85, 356, 62, 632, 278, 463, 169, 646, 966, 610, 151, 201, 806, 338, 586, 303, 569, 981, 512, 244, 972, 230, 364, 57, 788, 949, 555, 476, 396, 990, 956, 750, 598, 34, 119, 796, 417, 909, 782, 736, 694, 266, 917, 145, 259, 194, 758, 993, 460, 500, 574, 997, 956, 659, 980, 931, 862, 644, 359, 246, 888, 315, 639, 903, 430, 923, 35, 638, 770, 97, 502, 261, 786, 178, 748, 620, 794, 154, 300, 441, 801, 552, 549, 228, 473, 227, 675, 267, 21, 897, 102, 565, 292, 125, 983, 205, 139, 937, 330, 373, 51, 350, 331, 470, 320, 394, 947, 338, 845, 366, 383, 867, 24, 695, 831, 17, 661, 959, 152, 824, 997, 921, 100, 240, 867, 689, 294, 977, 435, 127, 796, 747, 678, 242, 938, 510, 621, 252, 97, 649, 885, 688, 769, 42, 712, 549, 53, 643, 396, 570, 167, 273, 822, 221, 701, 153, 883, 760, 967, 793, 775, 550, 995, 532, 615, 361, 37, 75, 14, 985, 342, 870, 824, 205, 867, 425, 961, 653, 65, 553, 44, 251, 914, 324, 305, 788, 558, 162, 983, 81, 400, 513, 666, 221, 401, 232, 768, 526, 528, 499, 237, 928, 271, 503, 258, 196, 532, 27, 703, 84, 950, 420, 694, 517, 781, 647, 169, 471, 374, 658, 414, 0, 687, 14, 296, 803, 303, 614, 356, 756, 811, 378, 578, 601, 75, 469, 78, 726, 371, 97, 767, 117, 689, 814, 708, 105, 767, 965, 287, 713, 548, 524, 543, 887, 740, 864, 957, 776, 278, 798, 794, 782, 660, 570, 580, 727, 775, 457, 944, 803, 36, 744, 147, 867, 757, 928, 83, 13, 516, 480, 220, 918, 274, 170, 702, 39, 30, 430, 874, 431, 444, 531, 502, 471, 540, 698, 646, 542, 345, 542, 101, 667, 318, 522, 168, 62, 556, 812, 318, 286, 959, 902, 966, 642, 620, 764, 618, 312, 986, 156, 888, 652, 765, 337, 313, 430, 365, 850, 201, 22, 487, 795, 991, 925, 913, 506, 118, 144, 25, 396, 899, 149, 537, 122, 200, 964, 674, 303, 644, 266, 122, 771, 259, 528, 60, 873, 210, 1000, 132, 80, 193, 143, 686, 944, 49, 211, 101, 44, 134, 861, 316, 73, 299, 962, 255, 761, 751, 404, 999, 65, 534, 712, 945, 570, 397, 151, 106, 627, 409, 657, 296, 946, 493, 458, 657, 513, 461, 909, 936, 246, 885, 263, 702, 931, 490, 373, 131, 772, 397, 340, 705, 218, 285, 309, 104, 507, 908, 222, 709, 730, 615, 74, 793, 553, 836, 577, 483, 315, 882, 44, 917, 512, 271, 63, 608, 848, 527, 950, 538, 265, 938, 101, 305, 287, 984, 196, 903, 8, 459, 892, 818, 789, 769, 303, 678, 645, 320, 971, 196, 786, 672, 749, 843, 608, 16, 370, 643, 585, 443, 157, 898, 37, 321, 393, 474, 154, 515, 152, 140, 480, 713, 177, 831, 200, 57, 575, 291, 457, 38, 718, 957, 463, 667, 307, 965, 636, 532, 483, 802, 978, 374, 248, 354, 675, 378, 988, 658, 926, 359, 252, 901, 720, 984, 386, 30, 760, 193, 125, 112, 974, 42, 149, 227, 700]
-------------------------------------------------------------------------------
end to beginning
output = [964, 958, 945, 944, 903, 903, 879, 865, 843, 842, 829, 704, 680, 676, 660, 644, 619, 618, 616, 608, 597, 577, 554, 543, 537, 520, 518, 517, 488, 486, 486, 478, 476, 458, 456, 442, 433, 430, 426, 424, 424, 415, 397, 382, 379, 374, 374, 352, 349, 348, 342, 342, 334, 328, 316, 300, 293, 284, 272, 271, 271, 265, 254, 247, 247, 246, 242, 224, 212, 183, 168, 157, 156, 147, 141, 140, 134, 134, 128, 127, 122, 120, 117, 110, 108, 104, 103, 102, 102, 100, 97, 75, 65, 62, 60, 49, 44, 44, 37, 30]
of length = 100
elapsed time=0.0753311 seconds
